TIME(s)	'A,R'	'A,PrA'	'A,PrR'	Nloops	nOverlapPartner	nOverlapSystem	nOverlapSpanBox	nDisplace2D	nDisplace3D	nDisplace3Dto2D	nAssocSuccess
0	0	0	0	0	0	0	0	0	0	0	0
0.01	0	0	0	0	0	0	0	0	0	0	0
0.02	0	0	0	0	0	0	0	0	0	0	0
0.03	0	0	0	0	0	0	0	0	0	0	0
0.04	0	0	0	0	0	0	0	0	0	0	0
0.05	0	0	0	0	0	0	0	0	0	0	0
0.06	0	0	0	0	0	0	0	0	0	0	0
0.07	0	0	0	0	0	0	0	0	0	0	0
0.08	0	0	0	0	0	0	0	0	0	0	0
0.09	0	0	0	0	0	0	0	0	0	0	0
0.1	0	0	0	0	0	0	0	0	0	0	0
0.11	0	0	0	0	0	0	0	0	0	0	0
0.12	0	0	0	0	0	0	0	0	0	0	0
0.13	0	0	0	0	0	0	0	0	0	0	0
0.14	0	0	0	0	0	0	0	0	0	0	2
0.15	0	0	0	0	0	0	0	0	0	0	2
0.16	0	0	0	0	0	0	0	0	0	0	2
0.17	0	0	0	0	0	0	0	0	0	0	2
0.18	0	1	0	0	0	0	0	0	0	0	3
0.19	0	1	0	0	0	0	0	0	0	0	5
0.2	0	1	0	0	0	0	0	0	0	0	6
0.21	0	1	0	0	0	0	0	0	0	0	9
0.22	0	1	0	0	0	0	0	0	0	0	10
0.23	0	1	0	0	0	0	0	0	0	0	12
0.24	0	1	0	0	0	0	0	0	0	0	13
0.25	0	0	0	0	0	0	0	0	0	0	14
0.26	0	0	0	0	0	0	0	0	0	0	14
0.27	0	1	0	0	0	0	0	0	0	0	18
0.28	0	1	1	0	0	0	0	0	0	0	21
0.29	0	0	0	0	0	0	0	0	0	0	23
0.3	0	0	0	0	0	0	0	0	0	0	23
0.31	0	0	1	0	0	0	0	0	0	0	25
0.32	0	0	0	0	0	0	0	0	0	0	25
0.33	0	0	0	0	0	0	0	0	0	0	25
0.34	0	0	1	0	0	0	0	0	0	0	35
0.35	0	0	0	0	0	0	0	0	0	0	35
0.36	0	0	0	0	0	0	0	0	0	0	35
0.37	0	0	0	0	0	0	0	0	0	0	35
0.38	0	0	0	0	0	0	0	0	0	0	35
0.39	0	0	0	0	0	0	0	0	0	0	35
0.4	0	0	0	0	0	0	0	0	0	0	35
0.41	0	0	0	0	0	0	0	0	0	0	35
0.42	0	0	0	0	0	0	0	0	0	0	35
0.43	1	0	0	0	0	0	0	0	0	0	36
0.44	1	1	1	0	0	0	0	0	0	0	39
0.45	1	1	0	0	0	0	0	0	0	0	44
0.46	1	1	1	0	0	0	0	0	0	0	50
0.47	1	1	0	0	0	0	0	0	0	0	56
0.48	1	1	0	0	0	0	0	0	0	0	59
0.49	1	0	0	0	0	0	0	0	0	0	59
0.5	2	1	0	0	0	0	0	0	0	0	63
0.51	2	0	1	0	0	0	0	0	0	0	68
0.52	1	0	1	0	0	0	0	0	0	0	73
0.53	2	1	0	0	0	0	0	0	0	0	81
0.54	2	0	0	0	0	0	0	0	0	0	81
0.55	2	0	0	0	0	0	0	0	0	0	81
0.56	2	0	0	0	0	0	0	0	0	0	84
0.57	3	0	0	0	0	0	0	0	0	0	85
0.58	3	0	0	0	0	0	0	0	0	0	85
0.59	3	1	0	0	0	0	0	0	0	0	86
0.6	3	1	1	0	0	0	0	0	0	0	88
0.61	4	1	0	0	0	0	0	0	0	0	91
0.62	4	1	0	0	0	0	0	0	0	0	95
0.63	5	1	0	0	0	0	0	0	0	0	97
0.64	5	1	0	0	0	0	0	0	0	0	102
0.65	5	1	1	0	0	0	0	0	0	0	105
0.66	5	1	1	0	0	0	0	0	0	0	114
0.67	5	1	1	0	0	0	0	0	0	0	119
0.68	6	1	0	0	0	0	0	0	0	0	127
0.69	6	1	0	0	0	0	0	0	0	0	136
0.7	6	1	0	0	0	0	0	0	0	0	139
0.71	6	0	1	0	0	0	0	0	0	0	140
0.72	6	0	0	0	0	0	0	0	0	0	142
0.73	8	1	1	0	0	0	0	0	0	0	147
0.74	8	1	0	0	0	0	0	0	0	0	157
0.75	8	1	0	0	0	0	0	0	0	0	159
0.76	8	1	0	0	0	0	0	0	0	0	162
0.77	8	1	0	0	0	0	0	0	0	0	169
0.78	8	1	1	0	0	0	0	0	0	0	173
0.79	8	1	0	0	0	0	0	0	0	0	174
0.8	9	1	0	0	0	0	0	0	0	0	177
0.81	9	1	1	0	0	0	0	0	0	0	179
0.82	9	1	1	0	0	0	0	0	0	0	183
0.83	9	1	0	0	0	0	0	0	0	0	188
0.84	9	1	0	0	0	0	0	0	0	0	194
0.85	9	1	0	0	0	0	0	0	0	0	200
0.86	9	0	1	0	0	0	0	0	0	0	204
0.87	10	0	0	0	0	0	0	0	0	0	206
0.88	11	1	1	0	0	0	0	0	0	0	219
0.89	11	0	1	0	0	0	0	0	0	0	222
0.9	11	1	1	0	0	0	0	0	0	0	229
0.91	11	1	0	0	0	0	0	0	0	0	232
0.92	11	1	0	0	0	0	0	0	0	0	236
0.93	11	1	1	0	0	0	0	0	0	0	243
0.94	11	0	1	0	0	0	0	0	0	0	250
0.95	11	1	1	0	0	0	0	0	0	0	256
0.96	10	1	0	0	0	0	0	0	0	0	258
0.97	12	0	1	0	0	0	0	0	0	0	263
0.98	12	1	0	0	0	0	0	0	0	0	268
0.99	12	1	1	0	0	0	0	0	0	0	272
1	13	0	1	0	0	0	0	0	0	0	279
1.01	14	0	1	0	0	0	0	0	0	0	284
1.02	15	0	1	0	0	0	0	0	0	0	291
1.03	16	1	1	0	0	0	0	0	0	0	295
1.04	16	0	1	0	0	0	0	0	0	0	299
1.05	17	1	0	0	0	0	0	0	0	0	302
1.06	18	1	1	0	0	0	0	0	0	0	309
1.07	19	0	1	0	0	0	0	0	0	0	315
1.08	21	1	0	0	0	0	0	0	0	0	323
1.09	22	1	0	0	0	0	0	0	0	0	327
1.1	23	1	1	0	0	0	0	0	0	0	333
1.11	25	1	1	0	0	0	0	0	0	0	341
1.12	25	1	1	0	0	0	0	0	0	0	350
1.13	27	1	0	0	0	0	0	0	0	0	355
1.14	30	1	0	0	0	0	0	0	0	0	364
1.15	30	1	0	0	0	0	0	0	0	0	369
1.16	31	1	1	0	0	0	0	0	0	0	376
1.17	32	1	0	0	0	0	0	0	0	0	382
1.18	33	1	0	0	0	0	0	0	0	0	390
1.19	34	1	0	0	0	0	0	0	0	0	396
1.2	34	1	1	0	0	0	0	0	0	0	402
1.21	34	0	0	0	0	0	0	0	0	0	406
1.22	34	0	1	0	0	0	0	0	0	0	414
1.23	34	0	1	0	0	0	0	0	0	0	422
1.24	34	1	1	0	0	0	0	0	0	0	431
1.25	35	1	0	0	0	0	0	0	0	0	442
1.26	35	0	1	0	0	0	0	0	0	0	444
1.27	36	1	1	0	0	0	0	0	0	0	450
1.28	36	1	1	0	0	0	0	0	0	0	454
1.29	37	1	0	0	0	0	0	0	0	0	463
1.3	39	1	1	0	0	0	0	0	0	0	467
1.31	43	1	1	0	0	0	0	0	0	0	481
1.32	44	0	1	0	0	0	0	0	0	0	483
1.33	45	1	0	0	0	0	0	0	0	0	485
1.34	46	1	0	0	0	0	0	0	0	0	493
1.35	48	1	1	0	0	0	0	0	0	0	501
1.36	50	1	0	0	0	0	0	0	0	0	509
1.37	54	1	1	0	0	0	0	0	0	0	518
1.38	54	0	1	0	0	0	0	0	0	0	526
1.39	54	1	1	0	0	0	0	0	0	0	530
1.4	54	1	1	0	0	0	0	0	0	0	537
1.41	55	1	1	0	0	0	0	0	0	0	543
1.42	55	0	0	0	0	0	0	0	0	0	547
1.43	58	1	1	0	0	0	0	0	0	0	553
1.44	59	1	1	0	0	0	0	0	0	0	559
1.45	60	0	0	0	0	0	0	0	0	0	564
1.46	60	1	1	0	0	0	0	0	0	0	567
1.47	61	0	1	0	0	0	0	0	0	0	574
1.48	61	1	1	0	0	0	0	0	0	0	585
1.49	62	1	0	0	0	0	0	0	0	0	592
1.5	63	0	1	0	0	0	0	0	0	0	598
1.51	63	1	1	0	0	0	0	0	0	0	604
1.52	63	0	1	0	0	0	0	0	0	0	607
1.53	63	1	1	0	0	0	0	0	0	0	614
1.54	64	1	1	0	0	0	0	0	0	0	623
1.55	65	1	1	0	0	0	0	0	0	0	630
1.56	65	1	1	0	0	0	0	0	0	0	633
1.57	72	1	0	0	0	0	0	0	0	0	646
1.58	74	1	0	0	0	0	0	0	0	0	651
1.59	77	1	1	0	0	0	0	0	0	0	660
1.6	77	0	1	0	0	0	0	0	0	0	666
1.61	77	1	1	0	0	0	0	0	0	0	673
1.62	79	1	1	0	0	0	0	0	0	0	681
