	time (s)      Intensity(A.U.)   Stdev		SEM (40 traj)
   0.0000000e+00   3.1348142e+02   3.5108252e+02   5.5511020e+01
   1.0000000e+00   3.0967593e+02   3.3865768e+02   5.3546481e+01
   2.0000000e+00   3.0586357e+02   3.3263111e+02   5.2593597e+01
   3.0000000e+00   3.0556574e+02   3.3447625e+02   5.2885338e+01
   4.0000000e+00   3.3654771e+02   3.6825221e+02   5.8225787e+01
   5.0000000e+00   3.6407964e+02   4.0786921e+02   6.4489785e+01
   6.0000000e+00   3.1473944e+02   3.3496474e+02   5.2962576e+01
   7.0000000e+00   3.0281120e+02   3.2293825e+02   5.1061021e+01
   8.0000000e+00   3.4696319e+02   3.7570373e+02   5.9403975e+01
   9.0000000e+00   3.6158333e+02   3.8880339e+02   6.1475213e+01
   1.0000000e+01   3.6780884e+02   3.8031122e+02   6.0132484e+01
   1.1000000e+01   3.7144527e+02   3.7825258e+02   5.9806984e+01
   1.2000000e+01   3.5939070e+02   3.6184680e+02   5.7213003e+01
   1.3000000e+01   3.7837487e+02   3.8073820e+02   6.0199995e+01
   1.4000000e+01   3.2446563e+02   3.1132649e+02   4.9225040e+01
   1.5000000e+01   4.0868698e+02   3.8557800e+02   6.0965235e+01
   1.6000000e+01   4.1955913e+02   3.9264703e+02   6.2082947e+01
   1.7000000e+01   4.5254239e+02   4.2224623e+02   6.6762991e+01
   1.8000000e+01   4.8134050e+02   4.5626868e+02   7.2142413e+01
   1.9000000e+01   4.4405981e+02   3.8869141e+02   6.1457508e+01
   2.0000000e+01   4.3009293e+02   3.7094059e+02   5.8650856e+01
   2.1000000e+01   3.6925469e+02   3.0126737e+02   4.7634554e+01
   2.2000000e+01   4.5104350e+02   3.7652545e+02   5.9533902e+01
   2.3000000e+01   4.5273956e+02   3.6323699e+02   5.7432811e+01
   2.4000000e+01   4.5035412e+02   3.5873696e+02   5.6721294e+01
   2.5000000e+01   4.7513765e+02   3.8347405e+02   6.0632571e+01
   2.6000000e+01   4.7336033e+02   4.0950827e+02   6.4748943e+01
   2.7000000e+01   4.8155806e+02   3.9387153e+02   6.2276557e+01
   2.8000000e+01   5.3261378e+02   4.1401280e+02   6.5461172e+01
   2.9000000e+01   5.6262775e+02   4.3005465e+02   6.7997610e+01
   3.0000000e+01   6.1929136e+02   4.7167360e+02   7.4578144e+01
   3.1000000e+01   6.5923696e+02   5.0533503e+02   7.9900484e+01
   3.2000000e+01   5.9616344e+02   4.3349115e+02   6.8540970e+01
   3.3000000e+01   5.7752505e+02   4.1601046e+02   6.5777029e+01
   3.4000000e+01   7.0282892e+02   5.3077908e+02   8.3923541e+01
   3.5000000e+01   7.2450765e+02   5.4410972e+02   8.6031301e+01
   3.6000000e+01   7.1850524e+02   5.5149877e+02   8.7199613e+01
   3.7000000e+01   7.0645942e+02   5.4198850e+02   8.5695906e+01
   3.8000000e+01   6.8093433e+02   5.2561416e+02   8.3106896e+01
   3.9000000e+01   6.6665672e+02   5.3708295e+02   8.4920271e+01
   4.0000000e+01   7.5140384e+02   5.6599883e+02   8.9492272e+01
   4.1000000e+01   7.7166565e+02   5.6620874e+02   8.9525463e+01
   4.2000000e+01   8.0350862e+02   5.7417337e+02   9.0784781e+01
   4.3000000e+01   7.9940182e+02   6.1243437e+02   9.6834377e+01
   4.4000000e+01   8.6411287e+02   6.3719277e+02   1.0074902e+02
   4.5000000e+01   8.3470776e+02   5.6397602e+02   8.9172439e+01
   4.6000000e+01   8.2419126e+02   5.5328622e+02   8.7482232e+01
   4.7000000e+01   8.7834458e+02   5.9966130e+02   9.4814776e+01
   4.8000000e+01   8.9301404e+02   6.0447343e+02   9.5575641e+01
   4.9000000e+01   8.8483254e+02   5.8914733e+02   9.3152372e+01
   5.0000000e+01   8.8844798e+02   5.8742030e+02   9.2879305e+01
   5.1000000e+01   8.9362514e+02   5.9356873e+02   9.3851457e+01
   5.2000000e+01   9.0452083e+02   6.1828808e+02   9.7759929e+01
   5.3000000e+01   8.7024709e+02   5.5969953e+02   8.8496266e+01
   5.4000000e+01   9.0388045e+02   6.0000017e+02   9.4868357e+01
   5.5000000e+01   9.7246036e+02   6.4130257e+02   1.0139884e+02
   5.6000000e+01   1.0145417e+03   6.8157706e+02   1.0776680e+02
   5.7000000e+01   1.0167746e+03   6.9936228e+02   1.1057889e+02
   5.8000000e+01   9.9508777e+02   6.4662711e+02   1.0224072e+02
   5.9000000e+01   9.7022046e+02   6.1385851e+02   9.7059552e+01
   6.0000000e+01   1.0293965e+03   6.6901322e+02   1.0578028e+02
   6.1000000e+01   1.0442758e+03   6.6884817e+02   1.0575418e+02
   6.2000000e+01   1.0327308e+03   6.5277146e+02   1.0321223e+02
   6.3000000e+01   1.0830846e+03   7.0044328e+02   1.1074981e+02
   6.4000000e+01   1.0886006e+03   7.0797158e+02   1.1194014e+02
   6.5000000e+01   1.0818204e+03   7.2115618e+02   1.1402480e+02
   6.6000000e+01   1.1082995e+03   7.3114134e+02   1.1560360e+02
   6.7000000e+01   1.1059512e+03   7.2921745e+02   1.1529940e+02
   6.8000000e+01   1.1321516e+03   7.4065065e+02   1.1710715e+02
   6.9000000e+01   1.1711884e+03   7.7800300e+02   1.2301308e+02
   7.0000000e+01   1.1889620e+03   7.9997414e+02   1.2648702e+02
   7.1000000e+01   1.1948110e+03   8.0046014e+02   1.2656386e+02
   7.2000000e+01   1.2042444e+03   8.1450103e+02   1.2878392e+02
   7.3000000e+01   1.2115894e+03   8.1464669e+02   1.2880695e+02
   7.4000000e+01   1.2179515e+03   8.2246223e+02   1.3004270e+02
   7.5000000e+01   1.2299031e+03   8.2760635e+02   1.3085605e+02
   7.6000000e+01   1.2383014e+03   8.4149395e+02   1.3305188e+02
   7.7000000e+01   1.2472523e+03   8.4332810e+02   1.3334188e+02
   7.8000000e+01   1.2513918e+03   8.5728462e+02   1.3554860e+02
   7.9000000e+01   1.2570866e+03   8.6018636e+02   1.3600741e+02
   8.0000000e+01   1.2663776e+03   8.6182825e+02   1.3626701e+02
   8.1000000e+01   1.2726865e+03   8.6059805e+02   1.3607250e+02
   8.2000000e+01   1.2784817e+03   8.7191692e+02   1.3786217e+02
   8.3000000e+01   1.2844095e+03   8.7319143e+02   1.3806369e+02
   8.4000000e+01   1.2958035e+03   8.8208967e+02   1.3947062e+02
   8.5000000e+01   1.3008041e+03   8.8691711e+02   1.4023391e+02
   8.6000000e+01   1.3107653e+03   8.8402910e+02   1.3977727e+02
   8.7000000e+01   1.3042871e+03   8.9165811e+02   1.4098353e+02
   8.8000000e+01   1.2358764e+03   9.0165496e+02   1.4256417e+02
   8.9000000e+01   1.1588677e+03   8.8547542e+02   1.4000596e+02
   9.0000000e+01   1.2649201e+03   9.1056772e+02   1.4397340e+02
   9.1000000e+01   1.2463285e+03   9.0609564e+02   1.4326630e+02
   9.2000000e+01   1.2462911e+03   9.0975543e+02   1.4384496e+02
   9.3000000e+01   1.3244183e+03   9.2105108e+02   1.4563096e+02
   9.4000000e+01   1.3106136e+03   9.1833863e+02   1.4520209e+02
   9.5000000e+01   1.2417681e+03   9.1345702e+02   1.4443024e+02
   9.6000000e+01   1.3673623e+03   9.2545403e+02   1.4632713e+02
   9.7000000e+01   1.3747521e+03   9.2439661e+02   1.4615994e+02
   9.8000000e+01   1.3794617e+03   9.2789990e+02   1.4671386e+02
   9.9000000e+01   1.3864849e+03   9.3419034e+02   1.4770846e+02
   1.0000000e+02   1.3892212e+03   9.3949101e+02   1.4854657e+02
   1.0100000e+02   1.3950088e+03   9.4062430e+02   1.4872576e+02
   1.0200000e+02   1.3965506e+03   9.4347421e+02   1.4917637e+02
   1.0300000e+02   1.3992438e+03   9.4618209e+02   1.4960452e+02
   1.0400000e+02   1.4032539e+03   9.5258597e+02   1.5061707e+02
   1.0500000e+02   1.4056870e+03   9.5703184e+02   1.5132002e+02
   1.0600000e+02   1.4048278e+03   9.6101546e+02   1.5194989e+02
   1.0700000e+02   1.4117171e+03   9.6127101e+02   1.5199029e+02
   1.0800000e+02   1.3931691e+03   9.6967059e+02   1.5331838e+02
   1.0900000e+02   1.3876464e+03   9.6249772e+02   1.5218425e+02
   1.1000000e+02   1.4460187e+03   9.6020702e+02   1.5182206e+02
   1.1100000e+02   1.4540653e+03   9.6281057e+02   1.5223372e+02
   1.1200000e+02   1.4624630e+03   9.7143700e+02   1.5359768e+02
   1.1300000e+02   1.4628956e+03   9.7256952e+02   1.5377674e+02
   1.1400000e+02   1.4683552e+03   9.7409092e+02   1.5401730e+02
   1.1500000e+02   1.4669033e+03   9.7585640e+02   1.5429645e+02
   1.1600000e+02   1.4730534e+03   9.7887274e+02   1.5477337e+02
   1.1700000e+02   1.4780838e+03   9.8552754e+02   1.5582559e+02
   1.1800000e+02   1.4810474e+03   9.8206090e+02   1.5527746e+02
   1.1900000e+02   1.4898588e+03   9.8294733e+02   1.5541762e+02
   1.2000000e+02   1.4599450e+03   9.9278264e+02   1.5697272e+02
   1.2100000e+02   1.4700332e+03   9.8981522e+02   1.5650353e+02
   1.2200000e+02   1.5363957e+03   9.8010804e+02   1.5496869e+02
   1.2300000e+02   1.5419518e+03   9.8274427e+02   1.5538551e+02
   1.2400000e+02   1.5379735e+03   9.8390662e+02   1.5556930e+02
   1.2500000e+02   1.5466912e+03   9.8573148e+02   1.5585783e+02
   1.2600000e+02   1.5506190e+03   9.8381226e+02   1.5555438e+02
   1.2700000e+02   1.5546145e+03   9.9140435e+02   1.5675479e+02
   1.2800000e+02   1.5572837e+03   9.9064458e+02   1.5663466e+02
   1.2900000e+02   1.5603551e+03   9.8866691e+02   1.5632196e+02
   1.3000000e+02   1.5688428e+03   9.9689699e+02   1.5762325e+02
   1.3100000e+02   1.5726029e+03   9.9521331e+02   1.5735704e+02
   1.3200000e+02   1.5696593e+03   9.9817248e+02   1.5782493e+02
   1.3300000e+02   1.5749954e+03   9.9766548e+02   1.5774476e+02
   1.3400000e+02   1.5812525e+03   1.0002414e+03   1.5815206e+02
   1.3500000e+02   1.5875527e+03   1.0055993e+03   1.5899921e+02
   1.3600000e+02   1.5895595e+03   1.0108839e+03   1.5983478e+02
   1.3700000e+02   1.5909715e+03   1.0094028e+03   1.5960060e+02
   1.3800000e+02   1.5953543e+03   1.0129770e+03   1.6016573e+02
   1.3900000e+02   1.6030222e+03   1.0148560e+03   1.6046283e+02
   1.4000000e+02   1.6007114e+03   1.0191556e+03   1.6114264e+02
   1.4100000e+02   1.6030072e+03   1.0216861e+03   1.6154276e+02
   1.4200000e+02   1.6077164e+03   1.0183447e+03   1.6101444e+02
   1.4300000e+02   1.6099447e+03   1.0234972e+03   1.6182911e+02
   1.4400000e+02   1.6103581e+03   1.0268042e+03   1.6235200e+02
   1.4500000e+02   1.6138518e+03   1.0282469e+03   1.6258011e+02
   1.4600000e+02   1.6162326e+03   1.0267474e+03   1.6234302e+02
   1.4700000e+02   1.6197153e+03   1.0324684e+03   1.6324758e+02
   1.4800000e+02   1.6243919e+03   1.0380774e+03   1.6413444e+02
   1.4900000e+02   1.6240985e+03   1.0386461e+03   1.6422436e+02
   1.5000000e+02   1.6279100e+03   1.0391558e+03   1.6430495e+02
   1.5100000e+02   1.6292615e+03   1.0423963e+03   1.6481732e+02
   1.5200000e+02   1.6318235e+03   1.0417949e+03   1.6472224e+02
   1.5300000e+02   1.6346948e+03   1.0439317e+03   1.6506010e+02
   1.5400000e+02   1.6390410e+03   1.0523884e+03   1.6639721e+02
   1.5500000e+02   1.6441705e+03   1.0498710e+03   1.6599918e+02
   1.5600000e+02   1.6456351e+03   1.0568441e+03   1.6710172e+02
   1.5700000e+02   1.6475812e+03   1.0591477e+03   1.6746595e+02
   1.5800000e+02   1.6537370e+03   1.0624399e+03   1.6798649e+02
   1.5900000e+02   1.6511982e+03   1.0603412e+03   1.6765467e+02
   1.6000000e+02   1.6552855e+03   1.0633126e+03   1.6812448e+02
   1.6100000e+02   1.6555047e+03   1.0700215e+03   1.6918525e+02
   1.6200000e+02   1.6641767e+03   1.0688002e+03   1.6899215e+02
   1.6300000e+02   1.6932726e+03   1.0383514e+03   1.6417778e+02
   1.6400000e+02   1.6923048e+03   1.0397556e+03   1.6439979e+02
   1.6500000e+02   1.7008480e+03   1.0423169e+03   1.6480477e+02
   1.6600000e+02   1.7045525e+03   1.0440978e+03   1.6508636e+02
   1.6700000e+02   1.7056714e+03   1.0508410e+03   1.6615256e+02
   1.6800000e+02   1.7071871e+03   1.0450427e+03   1.6523575e+02
   1.6900000e+02   1.7114449e+03   1.0531430e+03   1.6651653e+02
   1.7000000e+02   1.7180433e+03   1.0510177e+03   1.6618050e+02
   1.7100000e+02   1.7169035e+03   1.0601572e+03   1.6762556e+02
   1.7200000e+02   1.7253891e+03   1.0587799e+03   1.6740779e+02
   1.7300000e+02   1.7315748e+03   1.0644232e+03   1.6830009e+02
   1.7400000e+02   1.7332834e+03   1.0714133e+03   1.6940532e+02
   1.7500000e+02   1.7343525e+03   1.0688623e+03   1.6900197e+02
   1.7600000e+02   1.7064674e+03   1.0838798e+03   1.7137644e+02
   1.7700000e+02   1.7330645e+03   1.0421990e+03   1.6478613e+02
   1.7800000e+02   1.7454715e+03   1.0771460e+03   1.7031173e+02
   1.7900000e+02   1.7445738e+03   1.0828440e+03   1.7121266e+02
   1.8000000e+02   1.7512406e+03   1.0891181e+03   1.7220469e+02
   1.8100000e+02   1.7566664e+03   1.0927862e+03   1.7278467e+02
   1.8200000e+02   1.7568324e+03   1.0916262e+03   1.7260125e+02
   1.8300000e+02   1.7594802e+03   1.0937979e+03   1.7294464e+02
   1.8400000e+02   1.7666268e+03   1.0968719e+03   1.7343067e+02
   1.8500000e+02   1.7710622e+03   1.0993683e+03   1.7382539e+02
   1.8600000e+02   1.7709952e+03   1.1010223e+03   1.7408691e+02
   1.8700000e+02   1.7733383e+03   1.0985117e+03   1.7368995e+02
   1.8800000e+02   1.7792120e+03   1.1001152e+03   1.7394348e+02
   1.8900000e+02   1.7756258e+03   1.1025568e+03   1.7432954e+02
   1.9000000e+02   1.7831820e+03   1.1065035e+03   1.7495357e+02
   1.9100000e+02   1.7828653e+03   1.1030665e+03   1.7441013e+02
   1.9200000e+02   1.7874087e+03   1.1114860e+03   1.7574137e+02
   1.9300000e+02   1.7926996e+03   1.1145795e+03   1.7623049e+02
   1.9400000e+02   1.7951476e+03   1.1106358e+03   1.7560694e+02
   1.9500000e+02   1.7982476e+03   1.1112952e+03   1.7571121e+02
   1.9600000e+02   1.7986459e+03   1.1151631e+03   1.7632277e+02
   1.9700000e+02   1.8005944e+03   1.1199929e+03   1.7708643e+02
   1.9800000e+02   1.7994365e+03   1.1182587e+03   1.7681222e+02
   1.9900000e+02   1.8095611e+03   1.1195197e+03   1.7701161e+02
   2.0000000e+02   1.8083189e+03   1.1228084e+03   1.7753160e+02
   2.0100000e+02   1.8089527e+03   1.1204750e+03   1.7716265e+02
   2.0200000e+02   1.8178094e+03   1.1237847e+03   1.7768596e+02
   2.0300000e+02   1.8199621e+03   1.1238706e+03   1.7769955e+02
   2.0400000e+02   1.8197757e+03   1.1244163e+03   1.7778583e+02
   2.0500000e+02   1.8213897e+03   1.1255354e+03   1.7796277e+02
   2.0600000e+02   1.8282574e+03   1.1287756e+03   1.7847509e+02
   2.0700000e+02   1.8300358e+03   1.1328891e+03   1.7912550e+02
   2.0800000e+02   1.8252849e+03   1.1316636e+03   1.7893173e+02
   2.0900000e+02   1.8375930e+03   1.1409375e+03   1.8039805e+02
   2.1000000e+02   1.8318808e+03   1.1366234e+03   1.7971594e+02
   2.1100000e+02   1.8358883e+03   1.1452713e+03   1.8108329e+02
   2.1200000e+02   1.8392372e+03   1.1410909e+03   1.8042231e+02
   2.1300000e+02   1.8458454e+03   1.1419431e+03   1.8055706e+02
   2.1400000e+02   1.8411731e+03   1.1491734e+03   1.8170027e+02
   2.1500000e+02   1.7699696e+03   1.1627599e+03   1.8384849e+02
   2.1600000e+02   1.7841953e+03   1.1638357e+03   1.8401857e+02
   2.1700000e+02   1.7927632e+03   1.1653140e+03   1.8425232e+02
   2.1800000e+02   1.7939222e+03   1.1687987e+03   1.8480330e+02
   2.1900000e+02   1.7909179e+03   1.1684469e+03   1.8474768e+02
   2.2000000e+02   1.7962081e+03   1.1732331e+03   1.8550445e+02
   2.2100000e+02   1.7954452e+03   1.1695697e+03   1.8492520e+02
   2.2200000e+02   1.8016499e+03   1.1788840e+03   1.8639793e+02
   2.2300000e+02   1.7660446e+03   1.1221778e+03   1.7743189e+02
   2.2400000e+02   1.6829118e+03   1.1092073e+03   1.7538108e+02
   2.2500000e+02   1.6317884e+03   1.0917047e+03   1.7261367e+02
   2.2600000e+02   1.7488966e+03   1.0883255e+03   1.7207936e+02
   2.2700000e+02   1.7982457e+03   1.0668466e+03   1.6868326e+02
   2.2800000e+02   1.8756689e+03   1.1293945e+03   1.7857295e+02
   2.2900000e+02   1.8752853e+03   1.1367231e+03   1.7973170e+02
   2.3000000e+02   1.8853339e+03   1.1375588e+03   1.7986384e+02
   2.3100000e+02   1.8827821e+03   1.1396238e+03   1.8019034e+02
   2.3200000e+02   1.8889224e+03   1.1461569e+03   1.8122332e+02
   2.3300000e+02   1.8862956e+03   1.1454959e+03   1.8111881e+02
   2.3400000e+02   1.8957463e+03   1.1536063e+03   1.8240118e+02
   2.3500000e+02   1.8877223e+03   1.1514556e+03   1.8206111e+02
   2.3600000e+02   1.8989231e+03   1.1568566e+03   1.8291509e+02
   2.3700000e+02   1.9022117e+03   1.1591480e+03   1.8327738e+02
   2.3800000e+02   1.9032041e+03   1.1535611e+03   1.8239403e+02
   2.3900000e+02   1.9053566e+03   1.1522844e+03   1.8219216e+02
   2.4000000e+02   1.9103159e+03   1.1617108e+03   1.8368261e+02
   2.4100000e+02   1.9114596e+03   1.1590279e+03   1.8325840e+02
   2.4200000e+02   1.8916164e+03   1.2107773e+03   1.9144070e+02
   2.4300000e+02   1.9202625e+03   1.1775329e+03   1.8618430e+02
   2.4400000e+02   1.9227642e+03   1.1753654e+03   1.8584159e+02
   2.4500000e+02   1.9258173e+03   1.1766143e+03   1.8603906e+02
   2.4600000e+02   1.9235488e+03   1.1749904e+03   1.8578230e+02
   2.4700000e+02   1.9323486e+03   1.1799836e+03   1.8657178e+02
   2.4800000e+02   1.9286325e+03   1.1779608e+03   1.8625195e+02
   2.4900000e+02   1.9384863e+03   1.1767462e+03   1.8605991e+02
   2.5000000e+02   1.9325295e+03   1.1796688e+03   1.8652202e+02
   2.5100000e+02   1.9372255e+03   1.1822357e+03   1.8692788e+02
   2.5200000e+02   1.9429285e+03   1.1828001e+03   1.8701711e+02
   2.5300000e+02   1.9423683e+03   1.1848239e+03   1.8733711e+02
   2.5400000e+02   1.9446018e+03   1.1849859e+03   1.8736271e+02
   2.5500000e+02   1.9460942e+03   1.1893227e+03   1.8804842e+02
   2.5600000e+02   1.9475266e+03   1.1865512e+03   1.8761022e+02
   2.5700000e+02   1.9487771e+03   1.1877046e+03   1.8779259e+02
   2.5800000e+02   1.9521733e+03   1.1925134e+03   1.8855293e+02
   2.5900000e+02   1.9556423e+03   1.1933766e+03   1.8868941e+02
   2.6000000e+02   1.9581865e+03   1.1976153e+03   1.8935961e+02
   2.6100000e+02   1.9605353e+03   1.1943107e+03   1.8883710e+02
   2.6200000e+02   1.9631442e+03   1.2022385e+03   1.9009060e+02
   2.6300000e+02   1.9602531e+03   1.2009273e+03   1.8988328e+02
   2.6400000e+02   1.9591900e+03   1.2011189e+03   1.8991357e+02
   2.6500000e+02   1.9605067e+03   1.2030055e+03   1.9021187e+02
   2.6600000e+02   1.9700225e+03   1.2060960e+03   1.9070053e+02
   2.6700000e+02   1.9674686e+03   1.2060302e+03   1.9069011e+02
   2.6800000e+02   1.8765422e+03   1.2291081e+03   1.9433905e+02
   2.6900000e+02   1.9701822e+03   1.2185691e+03   1.9267270e+02
   2.7000000e+02   1.9847386e+03   1.2069667e+03   1.9083819e+02
   2.7100000e+02   1.9809019e+03   1.2081537e+03   1.9102588e+02
   2.7200000e+02   1.9861355e+03   1.2121298e+03   1.9165455e+02
   2.7300000e+02   1.9813663e+03   1.2074150e+03   1.9090907e+02
   2.7400000e+02   1.9867810e+03   1.2164342e+03   1.9233513e+02
   2.7500000e+02   1.9897500e+03   1.2103643e+03   1.9137540e+02
   2.7600000e+02   1.9957588e+03   1.2146267e+03   1.9204934e+02
   2.7700000e+02   1.9919316e+03   1.2142630e+03   1.9199184e+02
   2.7800000e+02   1.9975274e+03   1.2184601e+03   1.9265546e+02
   2.7900000e+02   1.9893488e+03   1.2140882e+03   1.9196421e+02
   2.8000000e+02   1.9952427e+03   1.2173501e+03   1.9247995e+02
   2.8100000e+02   1.9971886e+03   1.2215719e+03   1.9314747e+02
   2.8200000e+02   1.9902783e+03   1.2435686e+03   1.9662545e+02
   2.8300000e+02   1.9638859e+03   1.2452944e+03   1.9689833e+02
   2.8400000e+02   1.9877039e+03   1.1916732e+03   1.8842007e+02
   2.8500000e+02   1.9938611e+03   1.1946770e+03   1.8889502e+02
   2.8600000e+02   1.9934830e+03   1.1920844e+03   1.8848509e+02
   2.8700000e+02   1.9983783e+03   1.1991613e+03   1.8960404e+02
   2.8800000e+02   1.9985920e+03   1.1964866e+03   1.8918114e+02
   2.8900000e+02   2.0042819e+03   1.1994737e+03   1.8965345e+02
   2.9000000e+02   1.9981053e+03   1.1996686e+03   1.8968426e+02
   2.9100000e+02   2.0067002e+03   1.1988309e+03   1.8955181e+02
   2.9200000e+02   2.0067222e+03   1.2008050e+03   1.8986394e+02
   2.9300000e+02   2.0046221e+03   1.2001993e+03   1.8976817e+02
   2.9400000e+02   2.0013569e+03   1.2014275e+03   1.8996237e+02
   2.9500000e+02   2.0139196e+03   1.1999853e+03   1.8973434e+02
   2.9600000e+02   2.0085852e+03   1.2022435e+03   1.9009139e+02
   2.9700000e+02   2.0116414e+03   1.2029504e+03   1.9020316e+02
   2.9800000e+02   2.0158831e+03   1.2053498e+03   1.9058254e+02
   2.9900000e+02   2.0136949e+03   1.2050222e+03   1.9053075e+02
   3.0000000e+02   2.0175941e+03   1.2082191e+03   1.9103622e+02
   3.0100000e+02   2.0257401e+03   1.2115115e+03   1.9155678e+02
   3.0200000e+02   2.0220291e+03   1.2055429e+03   1.9061306e+02
   3.0300000e+02   2.0287228e+03   1.2062841e+03   1.9073026e+02
   3.0400000e+02   2.0239421e+03   1.2101299e+03   1.9133834e+02
   3.0500000e+02   2.0271976e+03   1.2074156e+03   1.9090917e+02
   3.0600000e+02   2.0268311e+03   1.2122997e+03   1.9168141e+02
   3.0700000e+02   2.0304379e+03   1.2121452e+03   1.9165699e+02
   3.0800000e+02   2.0286212e+03   1.2092361e+03   1.9119702e+02
   3.0900000e+02   2.0358520e+03   1.2151861e+03   1.9213779e+02
   3.1000000e+02   2.0301568e+03   1.2149994e+03   1.9210828e+02
   3.1100000e+02   2.0392376e+03   1.2200213e+03   1.9290231e+02
   3.1200000e+02   2.0381992e+03   1.2187786e+03   1.9270581e+02
   3.1300000e+02   2.0352597e+03   1.2137343e+03   1.9190824e+02
   3.1400000e+02   2.0393976e+03   1.2187323e+03   1.9269850e+02
   3.1500000e+02   2.0506896e+03   1.2237737e+03   1.9349561e+02
   3.1600000e+02   2.0428089e+03   1.2193045e+03   1.9278898e+02
   3.1700000e+02   2.0528866e+03   1.2250664e+03   1.9370001e+02
   3.1800000e+02   2.0498116e+03   1.2206980e+03   1.9300931e+02
   3.1900000e+02   2.0520665e+03   1.2241259e+03   1.9355129e+02
   3.2000000e+02   2.0593151e+03   1.2242760e+03   1.9357503e+02
   3.2100000e+02   2.0626504e+03   1.2265127e+03   1.9392868e+02
   3.2200000e+02   2.0568201e+03   1.2297692e+03   1.9444358e+02
   3.2300000e+02   2.0621274e+03   1.2274005e+03   1.9406907e+02
   3.2400000e+02   2.0607306e+03   1.2282219e+03   1.9419893e+02
   3.2500000e+02   2.0605557e+03   1.2294804e+03   1.9439792e+02
   3.2600000e+02   2.0727752e+03   1.2344170e+03   1.9517847e+02
   3.2700000e+02   2.0644487e+03   1.2303043e+03   1.9452819e+02
   3.2800000e+02   2.0616961e+03   1.2276455e+03   1.9410779e+02
   3.2900000e+02   2.0639324e+03   1.2256837e+03   1.9379760e+02
   3.3000000e+02   2.0717839e+03   1.2297730e+03   1.9444418e+02
   3.3100000e+02   2.0664968e+03   1.2313806e+03   1.9469837e+02
   3.3200000e+02   2.0676723e+03   1.2326164e+03   1.9489376e+02
   3.3300000e+02   2.0700660e+03   1.2332677e+03   1.9499674e+02
   3.3400000e+02   2.0716314e+03   1.2262658e+03   1.9388964e+02
   3.3500000e+02   2.0727522e+03   1.2333910e+03   1.9501625e+02
   3.3600000e+02   2.0721386e+03   1.2325227e+03   1.9487895e+02
   3.3700000e+02   2.0746624e+03   1.2390704e+03   1.9591423e+02
   3.3800000e+02   2.0809969e+03   1.2333641e+03   1.9501199e+02
   3.3900000e+02   2.0831209e+03   1.2368214e+03   1.9555864e+02
   3.4000000e+02   2.0732922e+03   1.2377098e+03   1.9569911e+02
   3.4100000e+02   2.0864963e+03   1.2434843e+03   1.9661213e+02
   3.4200000e+02   2.0795713e+03   1.2391088e+03   1.9592031e+02
   3.4300000e+02   2.0881420e+03   1.2450485e+03   1.9685946e+02
   3.4400000e+02   2.0875299e+03   1.2457996e+03   1.9697822e+02
   3.4500000e+02   2.0945847e+03   1.2491344e+03   1.9750548e+02
   3.4600000e+02   2.0908082e+03   1.2490732e+03   1.9749582e+02
   3.4700000e+02   2.0952938e+03   1.2449822e+03   1.9684897e+02
   3.4800000e+02   2.0917608e+03   1.2421730e+03   1.9640479e+02
   3.4900000e+02   2.0969980e+03   1.2474123e+03   1.9723320e+02
   3.5000000e+02   2.0922560e+03   1.2447591e+03   1.9681369e+02
   3.5100000e+02   2.0985592e+03   1.2497288e+03   1.9759947e+02
   3.5200000e+02   2.0978635e+03   1.2487721e+03   1.9744821e+02
   3.5300000e+02   2.1002710e+03   1.2554504e+03   1.9850414e+02
   3.5400000e+02   2.1006111e+03   1.2526495e+03   1.9806128e+02
   3.5500000e+02   2.1021160e+03   1.2485280e+03   1.9740960e+02
   3.5600000e+02   2.1018349e+03   1.2471761e+03   1.9719585e+02
   3.5700000e+02   2.1053587e+03   1.2540972e+03   1.9829018e+02
   3.5800000e+02   2.1080580e+03   1.2486922e+03   1.9743558e+02
   3.5900000e+02   2.1028670e+03   1.2446597e+03   1.9679798e+02
   3.6000000e+02   2.1032003e+03   1.2423597e+03   1.9643431e+02
   3.6100000e+02   2.1024324e+03   1.2502457e+03   1.9768120e+02
   3.6200000e+02   2.1064886e+03   1.2439121e+03   1.9667977e+02
   3.6300000e+02   2.1096066e+03   1.2527539e+03   1.9807778e+02
   3.6400000e+02   2.1107034e+03   1.2517823e+03   1.9792415e+02
   3.6500000e+02   2.1179589e+03   1.2582147e+03   1.9894122e+02
   3.6600000e+02   2.1212008e+03   1.2555465e+03   1.9851934e+02
   3.6700000e+02   2.1299858e+03   1.2725180e+03   2.0120277e+02
   3.6800000e+02   2.1266445e+03   1.2599620e+03   1.9921749e+02
